xVec
   2.67709
   2.13894
 -0.251945
  -1.37523
  -0.27956
 -0.389546
   1.42823
  -1.65614
-0.0477772
  0.798136
   4.71674
  0.331292
  0.370127
  -1.02578
  -1.37246
   0.14232
  0.184942
   2.62828
   -2.1764
   2.35252
  -1.22393
  0.831768
  0.614531
  0.395332
  -1.91711
  -1.07444
  0.736008
  0.377243
   1.14171
   3.31706
  0.736749
  -2.54358
 -0.710322
   2.80666
   3.00726
  -0.96529
  -1.20529
 -0.159424
 -0.188767
 -0.430542
    1.1344
  -2.73566
   3.05933
 0.0188667
  -1.86057
   1.57425
  0.646714
  0.515963
  -2.04962
   1.15163
 -0.215304
   3.50686
   4.28604
 -0.758419
         0
  -8.15648
  -9.90186
  -9.65277
  -9.28254
  -10.9967
  -10.5721
  -9.30175
   -9.8359
  -9.23884
  -9.08321
  -10.3017
xMat
   12053.9    8762.36    6431.11    337.368   -5936.13   -2700.94    -5041.3   -4785.73   -5790.66    -6714.8   -47.1948    63.0882   -100.587    32.9211    96.3809   -54.1114   -49.9132   -53.8915   -98.1136    49.4049         -0         -0         -0         -0         -0         -0         -0         -0         -0         -0
   8762.36    19062.3   -1692.16   -99.7253   -13285.3   -9745.79    7276.62    3845.39    6649.71   -7789.16   -22.7992    11.0877    14.5137    3.81134   -78.0283    28.6623    56.6854    50.1215   -13.2957     30.183         -0         -0         -0         -0         -0         -0         -0         -0         -0         -0
   6431.11   -1692.16    15443.7   -1868.37    705.344    131.105   -8460.18   -9990.62    -6837.7   -3744.25    63.3666   0.431695   -68.4173   -71.3399    61.1061   -16.4876   -12.1588    11.3262   -38.9258   -41.0333         -0         -0         -0         -0         -0         -0         -0         -0         -0         -0
   337.368   -99.7253   -1868.37    14212.5   -1605.78    6555.21   -7882.04   -591.864    6250.06   -8717.06    53.2495    34.8997    21.4412   0.133034   -18.7639    40.1183    66.3095    2.78522    8.25162   -25.1311         -0         -0         -0         -0         -0         -0         -0         -0         -0         -0
  -5936.13   -13285.3    705.344   -1605.78    19110.2    4393.56    -6336.5   -5525.42   -1679.23    5316.52    28.4834   -16.6689   -9.39091    1.17785    92.0046   -67.7399   -7.98543   -36.9418    4.82152    29.6337         -0         -0         -0         -0         -0         -0         -0         -0         -0         -0
  -2700.94   -9745.79    131.105    6555.21    4393.56    13029.7   -12038.1      -2122   -2062.22   -1081.24   -45.7295   -10.7759   -48.7899    9.25023    69.5497   -5.37864   -11.4722   -51.3856    28.7173   -24.8265         -0         -0         -0         -0         -0         -0         -0         -0         -0         -0
   -5041.3    7276.62   -8460.18   -7882.04    -6336.5   -12038.1    20917.9    9830.87    4340.02    8243.12   -79.1354   -16.4833    63.2302    41.6244   -98.4054    3.18427   -6.15775    72.5744    42.9075   -2.74458         -0         -0         -0         -0         -0         -0         -0         -0         -0         -0
  -4785.73    3845.39   -9990.62   -591.864   -5525.42      -2122    9830.87    8854.92    4204.91    3639.17   -33.5993   -7.56433    44.5939    49.5978   -75.7802    35.5143   -8.26449    16.2589    38.6305    19.0915         -0         -0         -0         -0         -0         -0         -0         -0         -0         -0
  -5790.66    6649.71    -6837.7    6250.06   -1679.23   -2062.22    4340.02    4204.91    11844.8   -5142.32    13.2297    -35.817    23.6453    44.0467   -51.7779    9.32231    49.4179    17.4567   -12.1388   -3.02254         -0         -0         -0         -0         -0         -0         -0         -0         -0         -0
   -6714.8   -7789.16   -3744.25   -8717.06    5316.52   -1081.24    8243.12    3639.17   -5142.32    15591.3   -30.1335   -18.2474   -10.7862     76.365    9.61949   -32.5854   -85.3281    13.0812    29.2978   -29.3682         -0         -0         -0         -0         -0         -0         -0         -0         -0         -0
  -47.1948   -22.7992    63.3666    53.2495    28.4834   -45.7295   -79.1354   -33.5993    13.2297   -30.1335    1.78683         -0         -0         -0         -0         -0         -0         -0         -0         -0         -0         -0         -0         -0         -0         -0         -0         -0         -0         -0
   63.0882    11.0877   0.431695    34.8997   -16.6689   -10.7759   -16.4833   -7.56433    -35.817   -18.2474         -0   0.374475         -0         -0         -0         -0         -0         -0         -0         -0         -0         -0         -0         -0         -0         -0         -0         -0         -0         -0
  -100.587    14.5137   -68.4173    21.4412   -9.39091   -48.7899    63.2302    44.5939    23.6453   -10.7862         -0         -0   0.471153         -0         -0         -0         -0         -0         -0         -0         -0         -0         -0         -0         -0         -0         -0         -0         -0         -0
   32.9211    3.81134   -71.3399   0.133034    1.17785    9.25023    41.6244    49.5978    44.0467     76.365         -0         -0         -0   0.720008         -0         -0         -0         -0         -0         -0         -0         -0         -0         -0         -0         -0         -0         -0         -0         -0
   96.3809   -78.0283    61.1061   -18.7639    92.0046    69.5497   -98.4054   -75.7802   -51.7779    9.61949         -0         -0         -0         -0   0.472384         -0         -0         -0         -0         -0         -0         -0         -0         -0         -0         -0         -0         -0         -0         -0
  -54.1114    28.6623   -16.4876    40.1183   -67.7399   -5.37864    3.18427    35.5143    9.32231   -32.5854         -0         -0         -0         -0         -0   0.507957         -0         -0         -0         -0         -0         -0         -0         -0         -0         -0         -0         -0         -0         -0
  -49.9132    56.6854   -12.1588    66.3095   -7.98543   -11.4722   -6.15775   -8.26449    49.4179   -85.3281         -0         -0         -0         -0         -0         -0   0.466758         -0         -0         -0         -0         -0         -0         -0         -0         -0         -0         -0         -0         -0
  -53.8915    50.1215    11.3262    2.78522   -36.9418   -51.3856    72.5744    16.2589    17.4567    13.0812         -0         -0         -0         -0         -0         -0         -0   0.394173         -0         -0         -0         -0         -0         -0         -0         -0         -0         -0         -0         -0
  -98.1136   -13.2957   -38.9258    8.25162    4.82152    28.7173    42.9075    38.6305   -12.1388    29.2978         -0         -0         -0         -0         -0         -0         -0         -0   0.662517         -0         -0         -0         -0         -0         -0         -0         -0         -0         -0         -0
   49.4049     30.183   -41.0333   -25.1311    29.6337   -24.8265   -2.74458    19.0915   -3.02254   -29.3682         -0         -0         -0         -0         -0         -0         -0         -0         -0   0.708254         -0         -0         -0         -0         -0         -0         -0         -0         -0         -0
        -0         -0         -0         -0         -0         -0         -0         -0         -0         -0         -0         -0         -0         -0         -0         -0         -0         -0         -0         -0          0   0.202414  -0.113927  -0.254999  0.0415542   0.114165   0.117576  -0.327991  -0.118507   0.406254
        -0         -0         -0         -0         -0         -0         -0         -0         -0         -0         -0         -0         -0         -0         -0         -0         -0         -0         -0         -0   0.202414 -0.0550042 -0.0604527   0.183089  -0.289841  -0.307586   0.193759   0.143913   0.545462  -0.416146
        -0         -0         -0         -0         -0         -0         -0         -0         -0         -0         -0         -0         -0         -0         -0         -0         -0         -0         -0         -0  -0.113927 -0.0604527  -0.423889  -0.297221   0.346474   0.303895  -0.202769  -0.473541  -0.282268   0.276127
        -0         -0         -0         -0         -0         -0         -0         -0         -0         -0         -0         -0         -0         -0         -0         -0         -0         -0         -0         -0  -0.254999   0.183089  -0.297221  -0.760459  0.0115688  0.0728759  -0.135216  -0.136513 -0.0207373    0.39983
        -0         -0         -0         -0         -0         -0         -0         -0         -0         -0         -0         -0         -0         -0         -0         -0         -0         -0         -0         -0  0.0415542  -0.289841   0.346474  0.0115688  -0.189033  0.0365667  -0.339662  -0.282198  -0.127389  -0.062775
        -0         -0         -0         -0         -0         -0         -0         -0         -0         -0         -0         -0         -0         -0         -0         -0         -0         -0         -0         -0   0.114165  -0.307586   0.303895  0.0728759  0.0365667  -0.388811 -0.0930942   0.221768  -0.146591  -0.104754
        -0         -0         -0         -0         -0         -0         -0         -0         -0         -0         -0         -0         -0         -0         -0         -0         -0         -0         -0         -0   0.117576   0.193759  -0.202769  -0.135216  -0.339662 -0.0930942  -0.134921  0.0734006  0.0668036  0.0036925
        -0         -0         -0         -0         -0         -0         -0         -0         -0         -0         -0         -0         -0         -0         -0         -0         -0         -0         -0         -0  -0.327991   0.143913  -0.473541  -0.136513  -0.282198   0.221768  0.0734006  -0.428142    0.10543   0.396305
        -0         -0         -0         -0         -0         -0         -0         -0         -0         -0         -0         -0         -0         -0         -0         -0         -0         -0         -0         -0  -0.118507   0.545462  -0.282268 -0.0207373  -0.127389  -0.146591  0.0668036    0.10543  -0.152403 -0.0835948
        -0         -0         -0         -0         -0         -0         -0         -0         -0         -0         -0         -0         -0         -0         -0         -0         -0         -0         -0         -0   0.406254  -0.416146   0.276127    0.39983  -0.062775  -0.104754  0.0036925   0.396305 -0.0835948         -1
yMat
 4.31177e-05 -2.35335e-05    2.396e-05  9.46262e-06  2.02821e-05  3.47261e-05  5.20533e-05   2.5535e-05  1.00832e-05 -2.63509e-05    0.0005788 -0.000279922  0.000258354 -6.95444e-05  5.89768e-05  0.000795291 -7.37079e-05  0.000162903 -0.000119607  0.000391219 -5.71041e-10 -3.40074e-10 -4.72407e-11  7.61178e-10  7.93676e-10 -4.90168e-10 -8.82377e-11  1.37383e-10 -7.53593e-10  -6.3627e-11
-2.35331e-05  3.30977e-05 -3.60102e-07 -1.14077e-06  3.76683e-06 -8.25162e-06 -2.71385e-05  3.37171e-06 -1.29052e-05  1.69574e-05 -0.000344095  0.000127534  7.59007e-05 -3.57602e-05 -0.000139248 -0.000507966 -0.000112752 -0.000339027 -0.000101682 -0.000513969 -1.41763e-11  2.70811e-10   2.3639e-12  2.67696e-10 -4.11269e-11 -3.21747e-10  5.14936e-10 -6.96707e-11 -1.84911e-10   -2.164e-10
   2.396e-05 -3.61709e-07   5.3544e-05  9.19248e-06  3.42378e-05  3.20987e-05  3.68184e-05  6.40902e-05  2.33576e-06 -2.00824e-05 -1.14963e-06  0.000234236  0.000691288  0.000105228  0.000310616  0.000330021  5.39504e-06 -7.19717e-06 -0.000601936  3.89793e-05  1.55165e-10 -3.73893e-11 -2.25282e-10 -3.83636e-10 -8.57039e-11  1.13397e-10  6.55754e-11 -1.12006e-09   2.0467e-11  7.53731e-10
 9.45482e-06 -1.13789e-06   9.1889e-06  9.65811e-06  8.34085e-06  7.94419e-06  1.29722e-05  6.00854e-06  2.19521e-06 -8.52316e-07 -2.61337e-05 -0.000243425  9.69093e-06 -0.000137422  1.45589e-05  0.000161305 -0.000120552 -9.49478e-05 -9.76457e-05  0.000191908  1.69672e-10 -2.18401e-10 -2.82355e-12  -2.3857e-10 -2.84801e-10 -2.69187e-10   7.5612e-11 -4.00149e-11 -1.40403e-10  2.61327e-11
 2.02824e-05   3.7668e-06  3.42372e-05  8.34277e-06   3.2569e-05  2.67227e-05  2.99189e-05  4.71114e-05 -2.96024e-06 -1.68837e-05  0.000105179  5.32843e-05  0.000314865  7.98414e-05  1.30815e-05   0.00041735 -0.000148202 -2.37839e-05 -0.000527002 -0.000228136  2.72405e-10  6.73434e-10  2.99648e-11 -1.72276e-10  5.23156e-10  3.10987e-10  2.38829e-10 -1.07349e-10 -9.19449e-11  1.99181e-10
 3.47312e-05 -8.25252e-06  3.21014e-05  7.95147e-06  2.67247e-05  4.86751e-05  5.55331e-05  3.27031e-05  3.95591e-06 -2.70025e-05  0.000757862  7.10643e-05   0.00038104  0.000130534 -0.000145988  0.000554417 -0.000239654 -7.87118e-05 -0.000426555  0.000283184  1.52682e-10  -2.8164e-11  7.33196e-11 -2.16963e-11 -6.14511e-10 -2.61964e-11  9.97461e-11  1.68575e-11 -1.36716e-10  3.74209e-10
 5.20532e-05 -2.71387e-05  3.68171e-05  1.29796e-05  2.99188e-05  5.55288e-05  8.45405e-05  2.75282e-05  8.59529e-06 -3.98394e-05  0.000986204 -0.000197355   0.00011607   0.00026486 -4.57993e-05   0.00108755 -0.000311009 -0.000257312 -0.000391195  0.000636835  1.63326e-10 -4.27142e-11 -8.34573e-11  5.25476e-10  9.88367e-11  1.11541e-10 -6.82668e-11  -1.8468e-10  1.40064e-10 -3.09126e-10
 2.55352e-05  3.66542e-06  6.40899e-05  6.01178e-06  4.71112e-05  3.31061e-05  2.75274e-05  9.89159e-05 -1.53607e-06 -2.47958e-05 -0.000171988  0.000328341  0.000870155  1.17168e-05  0.000577319   8.3342e-05  0.000212721  0.000465394 -0.000944599 -0.000445915 -8.38511e-11 -2.55942e-11  4.24707e-11   1.1056e-10 -1.11405e-10  7.07565e-11  2.08522e-12  1.18116e-10  -4.7129e-11  3.54471e-11
 1.00826e-05 -1.29061e-05  2.02952e-06  2.19779e-06 -2.93449e-06  3.95396e-06  8.59382e-06 -1.59771e-06  1.09509e-05 -2.53724e-06  6.55846e-05  0.000126878  0.000139974 -0.000213704  0.000119992  0.000213184 -8.30383e-05  9.35414e-05  0.000192992  0.000279682  2.72553e-11  6.63083e-11  1.94817e-10   -9.128e-11 -4.13659e-10  4.71257e-11 -2.85196e-11 -4.08037e-11  6.91672e-11  1.13914e-10
-2.63578e-05  1.69619e-05 -2.00247e-05 -1.28853e-06 -1.68862e-05  -2.6875e-05 -3.98476e-05 -2.47981e-05 -2.54088e-06  2.85601e-05 -0.000440454 -5.26631e-05 -9.26677e-05 -0.000407873 -0.000111929 -0.000483104  0.000138785 -0.000202892  0.000289908 -4.28137e-05  1.44077e-10 -1.92487e-10 -2.09983e-10  1.23809e-11  2.35699e-11  1.02666e-10 -1.67599e-11  3.96291e-11 -3.18254e-10 -4.12212e-11
 0.000578798  -0.00034413 -1.17982e-06 -2.59881e-05  0.000105182   0.00075773  0.000986204 -0.000171848  6.56717e-05 -0.000440171    0.0857492 -0.000277673  -0.00318276  0.000505599  -0.00867013   0.00650756   0.00224315  -0.00320166 -0.000462963   0.00443612  4.20217e-10 -6.91402e-10  3.54882e-10  3.50992e-10  5.24833e-10 -2.52959e-10  2.90711e-11 -5.61168e-10 -9.71273e-10 -8.47372e-10
-0.000279923  0.000127526  0.000234291 -0.000243367  5.32744e-05  7.10203e-05 -0.000197355  0.000328376  0.000126873 -5.25499e-05 -0.000277666     0.100421    0.0052641  -0.00131256    0.0011545   -0.0012552 -0.000944805 -0.000620798  -0.00490979  0.000195452  1.76851e-10 -9.54835e-11  3.13257e-10 -1.74588e-10  1.08655e-10  1.30241e-10 -2.37998e-10 -1.24425e-10 -4.62221e-11 -3.08349e-11
 0.000258354  7.59842e-05  0.000691223  9.83495e-06  0.000314874  0.000381104  0.000116069  0.000870232  0.000139862 -9.24061e-05  -0.00318279   0.00526411      0.11083  -0.00284564  -0.00328864   0.00336817   0.00485005    0.0044215 -0.000380315   0.00101287 -7.20846e-10 -2.29477e-10  9.22057e-10 -1.70455e-10  1.06456e-09 -3.90325e-10 -8.97301e-10  6.42364e-10 -1.25159e-09  5.26798e-10
-6.95449e-05 -3.56964e-05  0.000105171 -0.000137638  7.98536e-05   0.00013075  0.000264859  1.16843e-05 -0.000213784 -0.000407917  0.000505538  -0.00131258  -0.00284568    0.0895768  3.29121e-05  -0.00130274 -0.000699129   0.00136925  -0.00239834 -0.000431047 -4.48421e-10  5.69143e-10 -5.42998e-10 -4.67984e-10 -2.77678e-10 -2.66193e-11  2.53657e-10  1.95376e-10  1.24325e-09  4.48503e-10
 5.89786e-05 -0.000139383  0.000310722  1.45442e-05   1.3064e-05 -0.000146206  -4.5798e-05  0.000577242  0.000120065 -0.000112142  -0.00867006   0.00115451  -0.00328862  3.28577e-05     0.101937  -0.00232971   0.00277886    0.0054692  0.000316084 -0.000784306  5.06001e-10  9.74985e-11 -6.91866e-10  7.37832e-10 -9.41134e-10 -5.90453e-11  8.54316e-10 -9.07513e-10  2.42973e-10 -7.63179e-10
 0.000795291 -0.000507922  0.000329994  0.000161525  0.000417351  0.000554378   0.00108755  8.33347e-05  0.000213204 -0.000482821   0.00650757  -0.00125519   0.00336818   -0.0013027  -0.00232974     0.108422   0.00243979   0.00135751  0.000265567   0.00465331  5.65822e-11  -8.0088e-10  9.62761e-10  1.45301e-11  1.21353e-09 -1.49823e-10 -9.40939e-10  3.93755e-11 -1.21712e-09 -9.19681e-11
 -7.3709e-05 -0.000112765  5.31312e-06 -0.000120317 -0.000148192 -0.000239798 -0.000311008  0.000212668 -8.30591e-05  0.000138983   0.00224318 -0.000944788   0.00485009 -0.000699102   0.00277882    0.0024398    0.0973333 -0.000657735 -0.000380502 -0.000102538  3.26413e-13 -8.10102e-10  7.25863e-10  -2.1396e-10  5.57854e-10  7.18587e-12 -8.53898e-10  2.20689e-10  -1.2155e-09  1.01833e-11
 0.000162901 -0.000338999 -7.23087e-06 -9.49488e-05 -2.37786e-05  -7.8665e-05 -0.000257313  0.000465396  9.35744e-05 -0.000202753  -0.00320169 -0.000620809   0.00442149   0.00136929    0.0054692   0.00135748 -0.000657758     0.112779  -0.00280647  3.58922e-05 -1.42424e-10 -3.40777e-10  2.64183e-10 -1.78934e-11  5.29068e-10  3.96929e-11 -4.33033e-10  4.03565e-10 -1.73942e-10  7.61906e-11
-0.000119608  -0.00010162 -0.000601914 -9.77022e-05 -0.000527005 -0.000426424 -0.000391195 -0.000944654  0.000192936  0.000289913 -0.000462981  -0.00490979 -0.000380345  -0.00239835  0.000316119  0.000265553 -0.000380511  -0.00280648    0.0872442    0.0022221 -5.28054e-10  2.47329e-10  1.37967e-10  9.50263e-11  5.57235e-10 -2.12127e-10 -2.32448e-11  2.27888e-10  3.00268e-11  2.61538e-10
 0.000391219 -0.000513931  3.89857e-05  0.000192052 -0.000228139  0.000283174  0.000636836 -0.000445881  0.000279597 -4.27622e-05   0.00443614   0.00019547   0.00101288 -0.000431051 -0.000784319   0.00465333  -0.00010253  3.59056e-05   0.00222211     0.105225 -2.44269e-10 -2.22751e-10   5.4263e-10 -3.98917e-10   4.2381e-11 -3.77231e-11 -4.16042e-10  1.98683e-10 -7.07746e-10  3.96808e-10
 -1.0883e-09 -4.35059e-11  3.84904e-10  3.10548e-10  4.86626e-10  2.74383e-10  2.90262e-10 -2.01024e-10  6.40784e-11  2.89162e-10  4.10271e-10  1.33004e-10 -7.37148e-10 -3.66652e-10   4.1952e-10  5.77325e-11  2.14801e-12 -8.96509e-11 -4.62146e-10 -2.13857e-10     0.182959   -0.0776724  -0.00438949   -0.0109147    0.0485048      0.11175    0.0797289    0.0295747    0.0411382   -0.0282536
  -5.923e-10  5.33468e-10 -9.08895e-11 -4.45653e-10  1.33803e-09 -3.41786e-11 -8.06892e-11 -5.44385e-12  1.28399e-10 -3.05261e-10 -6.01575e-10 -6.42584e-11 -1.88523e-10  4.74401e-10  1.02356e-10 -6.82875e-10 -7.19045e-10 -2.81336e-10  2.30913e-10 -1.84355e-10   -0.0776724     0.103404    -0.010238    0.0108658    0.0129334   -0.0448491   -0.0384274  -0.00211904   -0.0586487 -0.000524385
-1.66133e-10 -9.78465e-12 -4.83675e-10 -1.19741e-11  5.65637e-11   1.0167e-10 -2.45881e-10  8.82357e-11  3.68028e-10 -4.22087e-10  4.33736e-10  4.39087e-10  7.63165e-10 -4.77903e-10 -5.94684e-10  7.97996e-10  6.14983e-10  2.31792e-10  1.05861e-10   4.6482e-10  -0.00438949    -0.010238     0.143195    0.0112992  -0.00303225    0.0282283    0.0707394    0.0479822    0.0373829    0.0326415
 1.40973e-09  5.66498e-10 -7.70043e-10 -4.82843e-10 -3.18313e-10 -4.55688e-11  1.03951e-09  2.09534e-10 -2.25148e-10 -4.52078e-12  1.21312e-10 -1.89014e-10 -1.41267e-10 -4.08933e-10  6.22511e-10  4.17153e-12 -1.67521e-10 -1.51232e-11  8.70274e-11 -3.59134e-10   -0.0109147    0.0108658    0.0112992    0.0855227   0.00109146    0.0118162    0.0492488   -0.0286344    0.0135771    0.0420564
 1.55114e-09 -8.12519e-11 -1.76481e-10 -5.29401e-10  1.01865e-09 -1.21879e-09  1.19938e-10 -2.13485e-10 -8.46469e-10  1.08489e-10  4.91435e-10  2.71995e-10  9.11618e-10 -2.38784e-10 -7.99181e-10  1.04216e-09  4.73071e-10   4.6629e-10  4.60307e-10  1.54171e-11    0.0485048    0.0129334  -0.00303225   0.00109146     0.130431    0.0624237     0.086643    0.0717057   -0.0273491   -0.0638103
-9.81002e-10 -6.68573e-10  2.40735e-10 -5.43404e-10  5.59327e-10 -2.89909e-11  1.24476e-10  7.68337e-11  1.07628e-10  1.99003e-10 -1.89203e-10  7.61594e-11 -3.38948e-10  -7.2345e-12 -4.95453e-11  -1.2991e-10  2.49786e-12  2.87367e-11 -1.89844e-10 -4.64696e-11      0.11175   -0.0448491    0.0282283    0.0118162    0.0624237     0.175464     0.135914    0.0444215    0.0178216   -0.0937935
 -2.3951e-10  9.97283e-10  2.00404e-10  2.01717e-10  4.65532e-10  1.78946e-10 -7.19944e-11  1.84023e-11 -8.30665e-11 -1.11316e-10  9.89506e-11 -1.80911e-10 -7.63317e-10  2.12572e-10  7.23958e-10 -7.85565e-10 -7.26406e-10  -3.7326e-10  -7.9053e-12 -3.38332e-10    0.0797289   -0.0384274    0.0707394    0.0492488     0.086643     0.135914     0.268537    0.0495832    0.0099245   -0.0729387
 2.32619e-10 -1.35834e-10 -2.17801e-09 -6.00226e-11 -2.33639e-10   1.4016e-12  -2.9544e-10  2.48189e-10 -7.61581e-11   4.5165e-11 -5.84185e-10 -7.49637e-11  5.70281e-10  1.50532e-10 -7.92773e-10  5.24803e-11   2.0596e-10  3.49389e-10  2.07003e-10   1.8305e-10    0.0295747  -0.00211904    0.0479822   -0.0286344    0.0717057    0.0444215    0.0495832     0.177758   -0.0201317   -0.0257227
-1.44751e-09 -4.08229e-10  7.82158e-11 -2.70731e-10 -1.62603e-10 -2.52197e-10  3.30568e-10 -5.50637e-11  1.48501e-10 -6.95178e-10 -8.65364e-10 -4.04152e-11  -1.1309e-09  1.07035e-09   2.2114e-10 -1.05902e-09 -1.06228e-09 -1.27449e-10  1.39901e-11 -5.97958e-10    0.0411382   -0.0586487    0.0373829    0.0135771   -0.0273491    0.0178216    0.0099245   -0.0201317     0.112374    0.0512436
-9.17078e-11 -4.54388e-10  1.51797e-09   5.1414e-11  4.27874e-10  7.54753e-10 -6.00255e-10  9.53077e-11  2.11562e-10 -1.04763e-10 -7.72993e-10  -4.1054e-11  4.42699e-10  3.97017e-10 -6.66066e-10 -9.52129e-11 -6.72903e-12  6.07677e-11  2.33993e-10  3.33036e-10   -0.0282536 -0.000524385    0.0326415    0.0420564   -0.0638103   -0.0937935   -0.0729387   -0.0257227    0.0512436     0.136013
